RESULTS 
 precision: 0.7968236582694413 
 Recall: 0.7641806722689075 
 Micro-f1: (0.6961004034065441, 0.8156512605042017, 0.751148730350665) 
 Macro-f1: (0.6964464464464466, 0.6796796796796797, 0.6879609196394068)
 F1: 0.7801608579088473