RESULTS 
 num_correct = 9515, num_gold = 13018, num_predicted = 13018 
precision: 0.7309110462 
 Recall: 0.7309110462 
 F1: 0.7309110462
