RESULTS 
 precision: 0.6559356136820925 
 Recall: 0.8412903225806452 
 Micro-f1: (0.6538081107814046, 0.8529032258064516, 0.7402015677491602) 
 Macro-f1: (0.7223399306436605, 0.8522794552989934, 0.7819483084302793)